 0.000000000 0.000000000 0.000000000 0.000000000 0.000000000 0.000000000 0.000000000 0.000000000 0.000000000 0.000000000 0.000001408 0.000000000
 0.000000000 0.000000000 0.000000000 0.000000000 0.000000000 0.000028002 0.000000000 0.000000000 0.000000000 0.000000000 0.000000000 0.000000000
 0.000000000 0.000000000 0.000000000 0.000000000 0.000000000 0.000000000 0.000000000 0.000000000 0.000000151 0.000000000 0.000000000 0.000000183
 0.000000000 0.000000000 0.000000000 0.000000000 0.000000000 0.000000000 0.000000000 0.000000000 0.000000000 0.000000000 0.000000000 0.000003000
 0.000000000 0.000000000 0.000000000 0.000000000 0.000000000 0.000000000 0.000000000 0.000458148 0.000000000 0.000000000 0.000000000 0.000000000
 0.000000000 0.000000000 0.000000000 0.000000000 0.000161163 0.000000000 0.000000000 0.000012954 0.000000000 0.000000000 0.000000000 0.000000000
 0.000000000 0.000023797 0.000000000 0.000000000 0.000000000 0.000073804 0.000000000 0.000000000 0.000000000 0.000000000 0.000000000 0.000035629
 0.000000000 0.000000000 0.000000000 0.000000000 0.000000000 0.000000000 0.000000000 0.000000000 0.000000000 0.000000000 0.000000000 0.000000000
 0.000001408 0.000000000 0.000000000 0.000000000 0.000000000 0.000000000 0.000000000 0.000000000 0.000000000 0.000000000 0.000049845 0.000000000
 0.000000000 0.000000655 0.000000333 0.000000000 0.000000000 0.000000000 0.000133193 0.000000000 0.000046474 0.000000000 0.000040924 0.000257911
 0.000000000 0.000000000 0.000000000 0.000003001 0.000000000 0.000000000 0.000000038 0.000000000 0.000000000 0.000000000 0.000000000 0.000089136
 0.000000000 0.000003540 0.000000000 0.000000000 0.000296951 0.000072320 0.000000000 0.000008432 0.000004629 0.000000000 0.000000000 0.000000000
